1 4 7 16 29 30 33 36 38 39 54 58 62 66 71 72 73 74 77 80
7
50
PLUS
25 27 31 46 47 63 65 72 76
8 9 10 36 37 39 50 59 69
4 14 15 25 26 36 37 47 48
8 9 17 26 35 44 53 62 71
6 15 53 54 55 73 74 76 77
1 11 21 41 43 51 52 61 71
10 19 28 35 36 37 48 59 70
1 2 13 24 35 44 53 62 71
25 34 35 43 44 52 53 61 62
8 11 22 27 29 38 54 78 80
3 7 16 17 34 35 77 78 79
18 27 36 38 47 56 58 67 78
12 23 34 42 43 45 54 63 72
9 10 24 30 50 54 56 58 60
6 16 27 36 42 46 57 66 76
1 3 8 9 15 30 40 47 48
1 6 7 9 17 55 58 69 77
1 12 23 34 45 56 67 78 79
32 33 34 45 46 47 48 49 59
2 3 4 6 16 36 37 38 39
14 15 16 47 48 61 62 63 65
4 5 7 56 57 58 78 79 80
33 34 42 61 62 72 73 75 76
23 25 26 29 30 57 58 69 70
13 17 23 26 33 37 39 56 58
GO